111
111
161
116
111
434
111
311
111
111
611
141
111
163
111
111
144
411
131
311
411
161
613
144
113
511
111
313
111
411
116
111
111
311
171
311
111
131
111
117
167
113
131
111
116
111
143
113
111
131
371
111
111
131
151
111
111
341
471
111
614
111
313
511
111
111
111
111
111
111
133
143
311
111
311
116
141
111
437
141
331
113
541
134
111
111
114
317
313
111
115
541
111
111
317
114
151
131
164
665
111
131
511
711
313
111
513
116
116
111
313
111
131
416
111
133
113
111
514
131
171
711
111
131
116
131
131
161
111
111
116
111
161
171
111
616
111
611
111
111
116
111
711
116
111
111
111
413
111
131
111
111
143
114
111
133
111
116
111
161
311
113
116
331
111
111
111
151
331
111
511
113
416
111
111
114
111
111
311
111
311
171
111
141
414
411
111
131
315
116
161
616
161
111
111
414
411
111
146
111
111
116
311
111
411
171
611
116
316
113
116
611
111
111
631
611
341
111
131
111
116
111
311
116
731
111
113
111
116
511
311
111
111
111
136
516
161
117
411
311
111
161
351
111
111
117
331
111
113
111
161
153
111
311
111
131
111
461
115
311
161
111
114
111
161
143
614
111
111
311
111
411
111
311
111
413
116
111
635
117
141
113
331
117
515
111
111
613
111
117
116
114
113
716
131
114
633
661
511
111
121