111
111
411
111
131
131
131
113
111
161
116
113
111
111
111
117
111
111
116
131
114
111
113
111
111
111
511
111
111
111
111
346
111
111
411
111
111
114
111
111
111
611
161
611
111
111
111
111
116
117
111
113
111
161
133
111
411
614
111
411
111
611
131
113
111
111
111
746
311
611
131
111
111
111
115
611
111
111
141
111
111
111
111
115
111
111
111
113
116
117
111
111
111
115
111
116
111
111
511
111
116
113
111
134
111
111
111
111
114
711
111
111
171
111
111
111
663
131
111
311
111
111
111
113
161
111
111
111
131
111
131
113
141
711
116
111
113
111
111
131
111
311
111
611
431
111
113
131
161
111
131
111
161
111
341
116
161
413
311
111
116
611
111
114
111
311
111
111
114
111
111
111
111
311
111
141
311
111
131
116
111
664
116
131
111
111
111
111
111
143
111
313
111
111
161
113
111
111
111
311
121