111
113
111
111
311
111
111
511
111
111
134
111
117
111
111
131
311
171
114
311
111
111
311
131
111
111
511
111
114
116
111
111
411
111
111
331
111
111
111
114
111
611
161
131
613
114
111
111
331
111
111
111
141
311
111
111
111
113
161
171
111
611
613
111
111
411
313
313
111
111
611
116
141
311
361
111
111
311
111
111
411
111
111
111
117
731
611
111
411
161
311
311
111
311
111
111
131
113
131
111
114
313
117
611
111
511
111
111
411
611
111
161
111
317
131
131
616
316
311
314
161
111
174
411
161
431
111
111
113
111
111
114
111
511
116
111
113
111
311
111
111
311
111
116
111
131
131
111
111
113
113
611
111
511
111
114
316
311
146
111
611
111
117
111
166
111
613
111
114
111
111
111
111
111
311
111
411
131
111
611
411
111
111
111
111
111
111
111
616
111
111
111
141
111
111
113
111
113
111
311
121