111
111
166
111
311
111
311
614
111
111
113
111
161
316
117
173
111
113
111
111
161
111
311
331
311
111
173
141
111
161
715
111
116
111
117
111
511
611
163
131
111
111
111
711
113
313
111
111
511
111
111
411
611
111
114
171
113
417
311
111
111
111
111
111
713
111
113
163
316
111
111
111
611
131
311
111
131
113
611
115
111
115
611
113
711
134
111
131
111
311
161
113
111
114
116
116
137
111
111
161
111
111
111
111
131
611
115
111
111
117
511
171
611
111
111
111
111
111
171
116
511
111
636
171
611
311
311
117
117
311
314
111
111
111
113
111
131
111
111
111
111
311
111
641
133
111
113
111
361
111
111
511
111
111
111
116
116
131
411
311
614
313
111
111
111
111
111
111
111
111
111
116
411
131
131
131
111
411
711
131
111
511
111
111
111
114
313
111
111
111
115
111
411
171
111
311
111
111
111
111
411
171
111
111
111
111
111
111
144
111
111
111
111
111
111
313
111
411
174
611
131
611
111
111
131
611
111
133
111
111
115
111
111
511
117
171
141
131
133
111
146
111
311
113
111
115
111
131
113
131
116
411
111
111
111
111
111
111
147
167
311
111
314
111
111
177
141
161
116
137
113
611
711
111
131
131
111
441
111
111
111
171
141
111
733
161
131
111
111
111
111
115
111
641
111
311
113
313
117
316
121