137
111
341
111
134
111
111
411
111
113
111
111
161
171
111
631
611
131
135
114
434
566
111
131
161
111
531
111
111
771
111
113
111
113
111
113
111
111
111
116
311
111
311
114
131
111
111
311
116
131
413
114
113
111
116
116
171
111
131
113
131
111
111
617
111
131
113
111
113
613
111
311
131
134
111
111
111
133
111
631
411
151
111
111
111
111
111
111
111
511
114
111
313
331
313
111
161
115
313
111
111
116
164
111
331
141
111
311
161
771
111
141
613
334
111
161
311
111
313
141
143
141
111
171
113
111
111
611
111
161
164
111
117
117
111
137
111
131
317
741
371
131
461
413
177
511
113
113
153
111
141
111
111
171
111
111
131
171
114
151
473
111
761
711
111
161
167
111
111
111
541
313
111
611
641
431
114
113
411
411
117
114
161
131
111
111
171
111
111
111
136
111
111
111
131
111
171
111
411
111
631
161
311
311
431
111
661
111
163
111
114
134
431
111
117
111
111
114
111
116
111
111
111
151
341
111
116
611
116
111
111
111
134
111
151
611
111
141
431
116
316
161
113
511
111
111
111
451
111
111
471
411
615
116
713
613
111
616
131
111
111
111
111
141
414
131
116
111
311
111
411
546
711
311
311
113
111
134
311
131
151
111
131
161
131
711
411
141
111
113
111
141
113
133
111
131
117
131
111
111
121