117
611
131
133
131
161
111
111
611
111
131
111
413
111
167
111
111
161
116
111
131
711
111
161
311
111
111
113
111
311
111
111
316
111
311
111
731
611
414
111
131
111
131
111
111
111
711
111
111
311
111
111
113
117
331
111
131
111
114
111
511
111
111
111
111
173
111
115
111
111
161
111
111
311
161
111
111
113
111
111
111
511
111
161
731
117
114
111
416
111
111
611
136
111
511
111
313
311
111
131
713
111
171
111
413
311
111
111
411
111
141
113
111
111
111
117
111
111
111
161
131
111
511
111
111
631
111
611
113
371
111
146
111
111
111
413
611
711
113
111
115
111
111
111
413
113
111
133
111
611
111
111
131
111
111
111
311
117
113
111
131
111
116
111
311
611
141
117
111
111
311
111
413
111
111
313
611
111
171
146
111
131
111
413
111
111
431
173
111
111
111
111
111
311
111
111
131
311
167
311
121