646
111
111
113
111
111
111
131
111
611
311
114
113
111
111
111
111
111
714
111
111
114
411
113
116
141
111
311
131
111
136
111
111
111
171
114
111
111
116
113
111
411
111
111
111
114
111
113
111
111
111
131
611
146
111
131
111
111
111
111
111
371
131
731
116
111
113
131
611
113
411
113
111
611
111
111
131
111
111
114
111
111
611
111
111
141
111
111
113
111
111
611
116
111
111
111
613
311
111
116
117
411
114
111
131
111
111
115
111
111
131
111
116
611
516
111
113
111
731
117
111
111
111
111
131
171
111
111
117
313
111
161
111
116
131
111
113
711
111
131
111
411
131
111
111
611
111
111
111
111
111
311
116
111
511
111
111
111
113
113
161
161
131
111
411
161
111
111
111
117
111
131
111
111
511
111
113
111
731
111
111
141
111
111
111
131
131
111
611
131
131
311
111
111
611
141
111
115
111
131
121