111
661
111
141
111
133
711
311
316
641
511
111
161
116
133
131
111
111
111
111
111
131
311
316
111
113
111
316
114
141
411
161
114
114
111
411
311
141
113
131
711
116
114
711
114
131
114
111
111
111
311
111
611
131
151
116
141
111
113
331
151
316
116
111
111
111
614
113
111
111
141
113
111
131
161
111
131
111
641
151
111
111
111
113
114
111
111
141
151
111
111
311
111
135
111
111
611
143
111
111
313
151
111
614
431
117
131
614
111
111
111
111
111
111
111
114
136
113
111
411
116
113
614
113
111
141
141
641
111
131
111
111
611
114
315
731
371
641
611
111
117
135
131
113
311
611
111
116
171
111
111
111
641
111
111
311
111
614
111
416
413
411
111
313
634
411
131
117
111
111
113
115
111
161
116
711
711
113
711
311
311
115
117
111
111
111
136
111
113
111
111
146
116
114
711
111
111
351
116
415
117
711
111
111
151
131
111
111
111
113
111
116
311
111
111
317
111
111
111
111
431
511
515
341
711
111
361
111
131
141
311
114
141
111
111
131
171
111
571
111
431
111
143
113
311
111
111
413
111
113
111
111
313
131
611
111
311
644
166
311
116
311
111
431
611
111
311
134
111
111
161
111
111
614
111
111
111
116
131
111
111
141
111
111
116
111
111
317
117
311
111
111
716
411
111
117
111
335
311
113
121