131
131
111
114
317
111
111
111
111
111
111
113
161
113
117
411
361
611
111
111
111
131
311
111
111
113
111
311
113
161
411
111
111
116
111
131
411
111
111
111
131
111
341
731
111
111
111
171
161
161
611
116
111
511
167
111
131
111
111
114
113
111
111
311
111
111
411
111
311
171
511
111
141
111
711
111
116
431
111
113
111
116
111
711
111
114
611
663
131
113
111
161
311
111
111
111
116
111
111
141
114
111
111
161
111
114
166
411
171
117
611
111
111
311
111
161
111
111
111
111
141
113
111
111
111
161
331
111
111
131
131
111
136
111
161
111
111
113
111
411
111
171
111
314
111
311
111
111
111
311
131
111
116
611
114
113
111
111
131
111
671
411
116
111
141
361
111
141
111
111
111
111
113
111
167
411
113
111
111
111
413
111
111
111
141
111
111
131
111
113
671
117
111
113
111
411
111
611
111
611
121